0.69395896
0.00000000
0.00000000
0.00000000
0.00000000
0.31136759
0.00000000
0.00000000
1.13329536
0.00000000
3.03471404
0.44208886
0.00000000
0.69395896
0.85105542
0.00000000
0.00000000
0.00000000
-0.10003843
0.00000000
0.00000000
0.25187010
0.00000000
0.00000000
2.38756057
0.00000000
0.31136759
0.00000000
0.00000000
0.58297184
0.44208886
0.00000000
0.56323768
0.00000000
0.56323768
0.00000000
0.19021877
0.50158636
0.00000000
1.17611476
0.00000000
0.79262116
0.00000000
0.75345645
0.00000000
0.50236396
0.00000000
0.00000000
0.00000000
0.00000000
0.00000000
0.00000000
0.78413930
0.41218362
0.00000000
0.00000000
0.00000000
0.00000000
0.69395896
0.18036068
0.00000000
2.45939156
2.00636340
0.00000000
0.00000000
0.00000000
1.93805308
0.10991450
0.00000000
0.65126419
2.22880225
1.47700766
0.00000000
0.56323768
2.00821363
0.00000000
1.81828049
0.00000000
0.00000000
0.58374945
0.00000000
0.00000000
0.00000000
0.50158636
0.00000000
1.32595360
0.00000000
0.00000000
0.00000000
0.38043754
0.00000000
0.98283993
0.00000000
0.00000000
-0.28009550
0.00000000
3.12625263
0.00000000
0.00000000
0.55290559
0.00000000
0.00000000
1.44418895
0.00000000
0.00000000
0.00000000
0.00000000
0.41218362
1.53405629
0.98363551
0.00000000
0.00000000
0.00000000
0.25187010
0.00000000
0.00000000
2.53571914
0.87460527
0.00000000
1.56718800
0.00000000
0.00000000
0.14967783
0.00000000
0.19021877
0.50236396
0.00000000
0.00000000
0.00000000
0.91270674
1.90833620
1.21450187
1.19632292
1.13389399
0.00000000
0.25187010
0.00000000
0.00000000
0.00000000
0.00000000
0.00000000
0.00000000
0.00000000
1.10398875
0.00000000
0.00000000
0.00000000
0.00000000
0.31136759
0.00000000
0.28039911
0.00000000
0.00000000
0.00000000
0.00000000
0.00000000
0.00000000
0.31136759
0.00000000
0.00000000
0.00000000
0.00000000
0.00000000
1.93792845
0.00000000
1.39396032
0.40017170
0.25187010
0.00000000
0.47277171
0.22090162
0.25187010
0.00000000
0.93410276
0.00000000
1.01274517
0.00000000
0.00000000
0.00000000
0.00000000
0.00000000
0.00000000
0.00000000
1.31638114
0.00000000
0.38259137
0.00000000
0.00000000
0.00000000
2.79727736
0.00000000
0.00000000
0.00000000
0.50158636
0.00000000
0.00000000
0.00000000
0.19021877
0.00000000
2.63895666
0.00000000
0.00000000
1.38361025
0.19021877
0.00000000
0.19021877
0.75345645
0.25187010
0.00000000
0.38259137
0.31136759
0.00000000
0.00000000
1.76697923
0.00000000
5.67631651
0.19021877
0.00000000
0.00000000
2.82660195
0.00000000
2.79279017
0.00000000
0.00000000
1.38576408
0.25187010
0.00000000
0.00000000
0.19021877
0.41218362
1.72718853
0.19021877
0.25187010
0.00000000
0.00000000
0.62273517
0.44208886
0.75345645
0.00000000
0.31136759
2.15680086
0.65341802
0.44208886
0.00000000
0.00000000
0.47168111
0.00000000
0.91270674
0.00000000
0.00000000
0.00000000
1.43568911
0.00000000
0.57065631
8.33515285
0.00000000
0.18142391
0.00000000
0.00000000
0.00000000
0.00000000
1.54685522
0.82252640
0.00000000
0.90313428
0.00000000
0.00000000
0.00000000
0.00000000
0.00000000
1.22485193
0.00000000
0.00000000
0.00000000
0.31136759
4.08580044
0.63230763
1.54685522
0.00000000
2.81021888
0.00000000
0.00000000
0.00000000
0.00000000
0.00000000
0.00000000
0.00000000
0.31136759
0.00000000
0.00000000
0.00000000
0.00000000
0.00000000
0.00000000
0.00000000
4.31790939
0.88386473
0.00000000
0.00000000
0.50158636
0.43316939
1.54685522
0.00000000
0.41218362
0.00000000
1.13251776
0.00000000
1.08365596
0.25187010
0.00000000
0.00000000
0.00000000
0.00000000
0.00000000
0.00000000
0.78276307
0.00000000
0.00000000
1.57354339
0.00000000
0.00000000
0.00000000
0.00000000
0.00000000
0.00000000
0.31136759
0.00000000
0.00000000
0.00000000
0.00000000
0.00000000
3.07057083
0.00000000
0.38043754
0.00000000
0.44208886
0.93166329
6.28290248
0.00000000
0.00000000
0.88154989
0.00000000
0.27082665
0.16031353
0.19021877
0.69395896
2.29738023
0.00000000
0.00000000
0.00000000
1.04588546
0.00000000
0.00000000
0.00000000
0.25187010
0.69395896
0.00000000
0.00000000
0.00000000
0.00000000
1.31669413
1.33427445
0.00000000
0.00000000
0.00000000
0.00000000
0.21210676
0.00000000
0.00000000
4.42291759
0.19021877
2.36618252
0.00000000
0.00000000
1.83479757
0.85211865
0.00000000
1.36495730
0.00000000
0.31136759
0.00000000
0.00000000
0.00000000
0.00000000
0.16031353
0.00000000
1.45561164
0.00000000
0.31136759
0.00000000
0.25187010
1.39514817
0.00000000
0.00000000
0.00000000
0.00000000
0.00000000
0.41112039
0.00000000
0.87460527
0.00000000
2.18305141
0.25187010
0.69180512
0.00000000
0.00000000
0.00000000
0.25049387
0.31136759
0.00000000
0.19021877
1.81475042
0.00000000
0.00000000
0.25187010
0.00000000
0.00000000
0.19021877
0.00000000
0.00000000
0.31136759
0.87341741
0.56323768
0.00000000
0.00000000
0.00000000
0.00000000
1.38576408
1.70593511
0.00000000
0.00000000
0.00000000
0.13072128
0.19021877
2.04213125
0.00000000
0.40154793
2.01775872
0.25187010
0.00000000
0.00000000
2.83071266
1.00395032
0.00000000
0.00000000
0.00000000
0.19021877
0.31136759
0.79262116
0.00000000
0.70305742
0.06937356
0.00000000
0.00000000
0.00000000
0.56323768
0.00000000
0.00000000
0.00000000
0.41218362
0.44208886
0.00000000
0.19021877
0.00000000
0.00000000
0.00000000
0.00000000
0.00000000
0.00000000
0.31136759
0.00000000
2.95932545
0.76302891
-0.10989652
0.31136759
0.80387346
0.00000000
0.00000000
0.60240239
0.00000000
0.62273517
0.00000000
0.63230763
0.25187010
0.00000000
0.00000000
0.00000000
0.00000000
0.10081604
0.00000000
0.35053230
3.75763024
0.00000000
0.31136759
0.00000000
0.19021877
0.00000000
0.44208886
0.64403393
0.00000000
3.08074192
0.44208886
0.00000000
1.72887775
0.00000000
0.00000000
0.00000000
0.00000000
0.60240239
0.00000000
0.00000000
0.00000000
0.00000000
0.00000000
0.00000000
0.44208886
0.00000000
0.19021877
0.00000000
0.47168111
0.00000000
0.00000000
0.25187010
0.31136759
0.31136759
0.00000000
0.00000000
0.00000000
0.31136759
0.60349299
0.53257281
0.31136759
0.31136759
0.90208902
0.00000000
1.49811805
0.00000000
0.56323768
0.00000000
0.00000000
0.00000000
0.74250776
0.19021877
0.00000000
0.31136759
0.00000000
0.19021877
2.37680024
0.25187010
0.21132916
1.53806036
0.25187010
0.00000000
3.51208844
1.87627712
0.00000000
0.00000000
0.00000000
0.00000000
0.00000000
0.00000000
0.95139745
0.00000000
0.97220423
0.00000000
0.57281014
0.46104542
1.87535649
0.00000000
0.00000000
0.75345645
0.00000000
0.25187010
0.00000000
1.00532655
1.11417781
0.35268613
0.00000000
0.31136759
0.19021877
0.00000000
0.00000000
0.00000000
0.40154793
0.00000000
0.19021877
1.13604783
0.00000000
0.00000000
0.10081604
0.75345645
0.00000000
0.00000000
0.75345645
0.19021877
0.50158636
0.00000000
0.92364604
0.00000000
0.19021877
0.50158636
1.51727156
0.00000000
0.19021877
0.19021877
3.04222080
0.00000000
0.00000000
0.00000000
0.00000000
0.41218362
0.00000000
0.00000000
1.47700766
0.00000000
0.19021877
1.44603918
0.00000000
0.00000000
0.00000000
0.00000000
1.39748099
0.00000000
0.00000000
0.50158636
0.00000000
0.25187010
0.19021877
0.00000000
0.00000000
0.00000000
0.00000000
1.14592389
0.19021877
0.00000000
0.25187010
1.06482404
0.00000000
0.00000000
0.00000000
0.00000000
0.00000000
0.00000000
0.00000000
0.00000000
0.16031353
0.00000000
0.00000000
0.00000000
0.00000000
0.00000000
0.13072128
1.08564880
0.34205044
0.68350225
0.00000000
1.21390324
0.00000000
0.31136759
0.00000000
0.00000000
0.00000000
0.88386473
1.77392385
0.00000000
0.41218362
0.00000000
0.00000000
0.00000000
0.00000000
1.29420752
0.00000000
0.00000000
3.13038132
4.34651073
1.50553667
0.00000000
0.31136759
0.00000000
0.31136759
0.00000000
0.00000000
0.00000000
0.19021877
1.37619162
0.38043754
0.00000000
1.56718800
1.19554532
0.31136759
0.88202389
0.00000000
1.12432153
0.75345645
0.00000000
0.50158636
0.00000000
2.08545244
0.00000000
0.29103480
1.62590788
0.00000000
0.00000000
0.31136759
0.00000000
0.00000000
1.38576408
0.44208886
0.00000000
0.00000000
0.00000000
0.00000000
0.31136759
2.57719869
0.63230763
0.00000000
0.00000000
3.14501169
0.00000000
0.00000000
0.19021877
2.32580259
0.00000000
0.00000000
0.00000000
2.15805246
0.00000000
0.85427249
1.55565007
0.00000000
0.00000000
0.84363679
0.62273517
1.36327747
0.00000000
0.00000000
0.00000000
0.59176669
0.57065631
0.00000000
0.00000000
